source,target
経営・社会情報学実験_0,経営・社会情報学実験_1
経営・社会情報学実験_0,経営・社会情報学実験_6
経営・社会情報学実験_0,経営・社会情報学実験_11
経営・社会情報学実験_0,経営・社会情報学実験_16
経営・社会情報学実験_0,経営・社会情報学実験_21
経営・社会情報学実験_0,経営・社会情報学実験_26
経営・社会情報学実験_1,経営・社会情報学実験_2
経営・社会情報学実験_1,経営・社会情報学実験_3
経営・社会情報学実験_1,経営・社会情報学実験_4
経営・社会情報学実験_1,経営・社会情報学実験_5
経営・社会情報学実験_6,経営・社会情報学実験_7
経営・社会情報学実験_6,経営・社会情報学実験_8
経営・社会情報学実験_6,経営・社会情報学実験_9
経営・社会情報学実験_6,経営・社会情報学実験_10
経営・社会情報学実験_11,経営・社会情報学実験_12
経営・社会情報学実験_11,経営・社会情報学実験_13
経営・社会情報学実験_11,経営・社会情報学実験_14
経営・社会情報学実験_11,経営・社会情報学実験_15
経営・社会情報学実験_16,経営・社会情報学実験_17
経営・社会情報学実験_16,経営・社会情報学実験_18
経営・社会情報学実験_16,経営・社会情報学実験_19
経営・社会情報学実験_16,経営・社会情報学実験_20
経営・社会情報学実験_21,経営・社会情報学実験_22
経営・社会情報学実験_21,経営・社会情報学実験_23
経営・社会情報学実験_21,経営・社会情報学実験_24
経営・社会情報学実験_21,経営・社会情報学実験_25
経営・社会情報学実験_26,経営・社会情報学実験_27
経営・社会情報学実験_26,経営・社会情報学実験_28
経営・社会情報学実験_26,経営・社会情報学実験_29
